[0.26876410520872057, -9.214515808389143, -20.746976199373506, -29.33643683041992, 0.1, 0.1, -0.0928289632818032]
[6.54038258912766, -10.988736543011324, -23.143652241992346, -28.8322773762862, 0.1, 0.1, 0.4853389615719141]
[9.37765163531807, -15.735180303751374, -25.58989522365933, -25.81075028011421, 0.1, 0.1, -1.0205318511373667]
[8.521749046999098, -15.176319948880737, -24.242021950920233, -24.34743247743581, 0.1, 0.1, -1.0205318511373667]
[8.967152930024442, -16.855432822974517, -26.786972527377756, -22.339743723792584, 8.514600383133166, 0.1, -1.5438455981049433]
[8.77041218346492, -18.90559600309884, -29.16227864590494, -21.491926367749013, 7.908416704724858, 0.3905932761849533, 0.0798285476926653]
[9.424377735260434, -20.95283404918184, -27.588385464167835, -21.18056784164373, 7.849109703274881, 0.3905932761849533, -0.32644438703323286]
[8.577074700121752, -20.59832257632273, -27.156097383447634, -20.37272077037157, 8.360959967209606, 0.3905932761849533, -1.1650067713496168]
[9.30501041756961, -20.610388596655792, -30.49443973242241, -21.967383956931734, 8.360959967209606, 0.3905932761849533, -0.35389473156583584]
[8.158034670676214, -20.043838990388764, -31.246748748269557, -18.842473209860742, 8.835632875351775, -0.28329678873037134, -1.3103856831066543]
[8.931518369816779, -19.279153921262612, -30.806097645884037, -19.76779602352106, 7.745210522457749, -2.010136023277962, -1.5395642959796685]
[8.250008245275794, -20.280624218024728, -80.89472495974683, -31.8273243053952, 0.1, 0.1, -0.4370531351847735]
[6.836253450869871, -19.038167683123355, -80.23052213430305, -26.207694747218454, 0.1, 0.1, -0.614068938214399]
[8.329238619074406, -46.54605134231321, -56.153470267664396, -179.3189368756113, -8.870946843780471, 8.70814441027701, 2.187323515423871, 1.760019154703274]
[6.42521577726273, -35.270959789266215, -53.3005546144466, -77.97933741757535, -3.8039668708787917, 10.730489083340975, 0.017862375714930434, -0.3186913182867849]
[6.954275572447361, -36.68266262385946, -52.93660416519199, -93.56013021709357, -4.583006510854705, 9.787378988120787, -1.8308826532521256, -2.3630239752942]