50: [-10.042086419753087, 5.8577160493827165, 54.0, 0]
100: [-8.623415659921868, 4.509364501259757, 137.66666666666666, 0]
150: [-12.240286937386337, 5.699311808783885, 185.33333333333334, 0]
200: [-13.154198964459857, 5.726900026251557, 289.6666666666667, 0]
250: [-12.422984513835992, 5.099669966996699, 240.66666666666666, 0]
300: [-12.816931510729345, 5.166964263523838, 861.0, 0]
350: [-12.300750833508216, 5.1174960674954795, 506.6666666666667, 0]
400: [-11.238019731263693, 4.606517144538326, 1552.6666666666667, 0]
450: [-8.163602179072305, 3.901240992448759, 4756.666666666667, 0]
500: [-8.81484178908813, 4.146622286485445, 4486.0, 0]
550: [-6.685884000000044, 3.5456, 5000.0, 0]
600: [-6.063537333333367, 3.4066666666666667, 5000.0, 1]
650: [-5.107025333333345, 3.3088, 5000.0, 2]
700: [-3.5409319999999975, 2.924533333333333, 5000.0, 4]
750: [-2.5961026666666522, 2.880266666666666, 5000.0, 9]
800: [-2.3983066666666413, 2.8950666666666667, 5000.0, 9]
850: [-2.3875999999999618, 3.1978666666666666, 5000.0, 6]
900: [-2.2712786666666456, 2.9606666666666666, 5000.0, 12]
950: [-2.368633333333306, 3.2086, 5000.0, 6]
1000: [-2.2270973333333006, 3.013066666666667, 5000.0, 13]
1050: [-2.155783999999967, 2.778, 5000.0, 12]
1100: [-2.1994039999999715, 2.8842, 5000.0, 15]
1150: [-2.2255453333332995, 3.067466666666667, 5000.0, 17]
1200: [-2.1831306666666364, 2.9678, 5000.0, 11]
1250: [-2.0982026666666274, 2.7746666666666666, 5000.0, 10]
1300: [-2.21496133333331, 2.9046000000000003, 5000.0, 17]
1350: [-2.2348639999999733, 2.9751333333333334, 5000.0, 13]
1400: [-2.1313026666666404, 2.934466666666667, 5000.0, 16]
1450: [-2.0955986666666333, 2.7898, 5000.0, 18]
1500: [-2.101054666666633, 2.973466666666667, 5000.0, 16]
1550: [-2.140702666666629, 2.865466666666667, 5000.0, 12]
1600: [-2.0915426666666384, 2.7704, 5000.0, 15]
1650: [-2.09534399999996, 2.763333333333333, 5000.0, 15]
1700: [-2.1300866666666387, 2.779133333333333, 5000.0, 19]
1750: [-2.170989432054674, 3.011673684210526, 4656.0, 17]
1800: [-2.109713333333295, 2.9842, 5000.0, 12]
1850: [-2.085657333333293, 2.863666666666667, 5000.0, 9]
1900: [-2.088635999999966, 2.848466666666667, 5000.0, 18]
1950: [-2.2890599999999774, 3.2476, 5000.0, 18]
2000: [-2.1763653333332935, 3.010866666666667, 5000.0, 14]
2050: [-2.276621333333304, 3.1332, 5000.0, 12]
2100: [-2.1734946666666377, 2.997533333333333, 5000.0, 14]
2150: [-2.3891613333332984, 3.3236666666666665, 5000.0, 20]
2200: [-2.0738413333333, 2.839266666666667, 5000.0, 16]
2250: [-2.223526666666639, 3.0102666666666664, 5000.0, 14]
2300: [-2.0783533333332995, 2.7886666666666664, 5000.0, 12]
2350: [-2.2190413333333026, 2.9181333333333335, 5000.0, 13]
2400: [-2.0949213333333003, 2.8864, 5000.0, 17]
